1220
1583
1582
1581
1580
1217
1579
1578
1577
1696
1218
1352
1473
1594
1350
1471
1470
1590
1349
1106
1469
1105
1468
1589
1103
1466
1102
1465
1100
1584
1108
1361
1359
1358
1479
1478
1599
1356
1477
1355
1476
1475
1353
1474
1595
1253
1131
1252
1130
1251
1250
1249
1248
1246
1488
1245
1486
1364
823
824
826
1262
1261
1259
1257
1256
1013
1255
1133
1254
957
1271
1392
1266
600
602
605
609
1165
1164
1163
1161
1160
732
733
735
1055
1176
1297
1053
1174
1295
1052
1294
1172
1050
1171
1170
1049
1169
1168
500
864
1167
501
865
1166
867
504
628
508
509
1186
1181
631
632
1058
511
512
634
1056
1177
1298
514
515
516
517
518
642
400
522
402
774
775
534
777
535
537
538
418
539
419
1099
540
541
421
542
422
543
423
426
547
427
548
550
430
551
431
554
555
435
436
558
559
439
681
682
440
441
562
684
563
443
564
444
565
566
567
447
568
448
208
572
452
573
453
454
455
576
336
578
337
579
459
339
218
580
581
340
582
341
583
343
344
586
345
587
346
589
349
228
590
591
352
353
354
355
113
597
356
114
598
357
358
116
117
239
119
11
1909
1908
19
362
120
122
123
124
488
126
489
127
128
129
1907
1905
1902
1900
27
491
492
251
493
131
132
374
495
1910
133
375
496
134
376
377
498
136
378
499
137
379
139
1917
1915
1914
1912
1911
37
381
140
261
142
143
1920
145
148
1924
47
391
392
393
153
395
396
398
157
399
1819
1818
1817
1815
1814
58
59
165
286
1822
287
1821
1820
289
1829
1828
1827
62
63
1825
64
1824
65
66
67
68
293
175
1833
1830
70
71
72
73
1837
74
1836
75
1835
76
1834
79
185
1602
1723
1844
1601
1843
1600
1721
1720
1841
1840
1609
1608
1729
1849
1605
1726
1604
1725
1846
1603
1724
1845
198
1613
1854
1852
1619
1617
1859
1858
1857
1865
1863
1862
1860
1868
1867
1880
1514
1877
1513
1875
1874
1751
1872
1870
1519
1518
1517
1516
1879
1878
1891
1890
1888
1523
1886
1522
1885
1521
1884
1520
1883
1881
1527
1526
1660
1781
1780
1657
1899
1777
1655
1776
1897
1654
1895
1531
1893
1418
1417
1659
1658
1779
1791
1426
1304
1425
1788
1303
1424
1787
1423
1786
1301
1422
1785
1300
1421
1663
1784
1420
1783
1782
1309
1308
1307
1428
1427
1313
1434
1310
1431
1430
1439
1572
1693
1571
1692
1570
1691
1690
1569
1568
1688
1566
1687
1565
