1220
1583
1582
1217
1578
113
1577
116
117
239
119
1218
11
1909
1908
19
1352
1594
1473
1350
1471
1470
1349
122
1469
1105
123
1589
1468
124
488
1466
1102
489
126
1465
127
1100
1584
1907
1108
1361
491
251
374
1910
375
1359
376
1599
378
1477
1476
1475
1595
1353
1474
1915
1914
1911
37
1253
1131
1252
1130
1251
1250
381
261
1249
1920
1248
1246
1488
148
1245
1486
823
826
1924
391
392
393
395
153
396
157
1256
1013
1255
1133
1254
1819
1818
1817
957
1815
1814
58
1271
165
286
1822
287
1821
1820
289
1266
62
1825
63
1824
64
609
1165
1164
1163
1161
293
1160
175
732
735
70
79
1297
1055
1295
1294
1052
1050
1171
1170
185
1723
1602
1601
1721
1600
1720
1049
1169
1168
864
1167
1166
867
1609
1608
628
1726
1605
1725
1604
1724
1603
1186
1181
198
1613
1854
1852
631
632
1058
634
1298
1619
1858
1857
642
1514
1513
774
1751
775
534
535
537
538
1519
539
418
1518
419
1517
1516
1099
1891
1890
1886
421
422
1520
423
426
427
1527
1526
1781
1660
1780
1657
1899
1777
1776
1655
1654
1895
1531
1418
1417
1659
1779
1658
1791
681
682
1426
1788
1425
1304
1424
1303
1423
1301
1785
1422
1300
1421
1783
1420
1782
208
1428
1427
1434
336
1431
337
1430
339
218
1439
1693
1572
1692
1571
1691
1570
1690
1569
1568
1688
1687
1566
1565
228
